0 790 0 0 2 -317 0 0 0 0 
0 790 0 -1 -3 -313 0 0 0 0 
0 790 0 6 0 -171 0 0 0 0 
0 790 0 -2 -5 -313 0 0 0 0 
0 790 0 2 2 -192 0 0 0 0 
0 790 0 -3 -2 -313 0 0 0 0 
0 790 0 -2 4 -335 0 0 0 0 
0 790 0 1 -1 -326 0 0 0 0 
0 790 0 5 2 -168 0 0 0 0 
0 790 0 2 -2 -175 0 0 0 0 
0 790 0 -7 1 -335 0 0 0 0 
0 790 0 3 -6 -190 0 0 0 0 
0 790 0 -2 3 -297 0 0 0 0 
0 790 0 -4 -3 -335 0 0 0 0 
0 790 0 7 1 -161 0 0 0 0 
0 790 0 -4 -1 -312 0 0 0 0 
0 790 0 -7 3 -335 0 0 0 0 
0 790 0 0 -3 -316 0 0 0 0 
0 790 0 -1 3 -309 0 0 0 0 
0 790 0 0 -2 -323 0 0 0 0 
0 790 0 0 2 -326 0 0 0 0 
0 790 0 6 -3 -169 0 0 0 0 
0 790 0 -1 1 -320 0 0 0 0 
0 790 0 -3 -5 -346 0 0 0 0 
0 790 0 0 2 -331 0 0 0 0 
0 790 0 -1 0 -320 0 0 0 0 
0 790 0 0 2 -326 0 0 0 0 
0 790 0 6 -1 -166 0 0 0 0 
0 790 0 3 0 -169 0 0 0 0 
0 790 0 0 0 -182 0 0 0 0 
0 790 0 -4 1 -325 0 0 0 0 
0 790 0 4 -3 -165 0 0 0 0 
0 790 0 -3 2 -315 0 0 0 0 
0 790 0 -6 1 -339 0 0 0 0 
0 790 0 -2 0 -320 0 0 0 0 
0 790 0 -1 3 -304 0 0 0 0 
0 790 0 -1 -3 -315 0 0 0 0 
0 790 0 0 3 -326 0 0 0 0 
0 790 0 0 -1 -325 0 0 0 0 
0 790 0 0 0 -324 0 0 0 0 
0 790 0 7 -1 -165 0 0 0 0 
0 790 0 -2 4 -318 0 0 0 0 
0 790 0 2 -5 -191 0 0 0 0 
0 790 0 -3 2 -319 0 0 0 0 
0 790 0 3 -4 -172 0 0 0 0 
0 790 0 -2 2 -313 0 0 0 0 
0 790 0 -3 -5 -334 0 0 0 0 
0 790 0 7 0 -167 0 0 0 0 
0 790 0 4 3 -159 0 0 0 0 
0 790 0 -1 -4 -180 0 0 0 0 
0 790 0 -6 1 -322 0 0 0 0 
0 790 0 2 -4 -175 0 0 0 0 
0 790 0 -3 2 -309 0 0 0 0 
0 790 0 2 1 -175 0 0 0 0 
0 790 0 -3 -1 -322 0 0 0 0 
0 790 0 3 1 -188 0 0 0 0 
0 790 0 -2 4 -319 0 0 0 0 
0 790 0 3 -1 -174 0 0 0 0 
0 790 0 -3 0 -324 0 0 0 0 
0 790 0 -4 1 -336 0 0 0 0 
0 790 0 0 -2 -312 0 0 0 0 
0 790 0 5 4 -169 0 0 0 0 
0 790 0 -3 -3 -319 0 0 0 0 
0 790 0 -3 0 -341 0 0 0 0 
0 790 0 0 1 -313 0 0 0 0 
0 790 0 0 1 -314 0 0 0 0 
0 790 0 6 -2 -178 0 0 0 0 
0 790 0 4 3 -176 0 0 0 0 
0 790 0 -6 -2 -340 0 0 0 0 
0 790 0 3 0 -186 0 0 0 0 
0 790 0 5 -3 -150 0 0 0 0 
0 790 0 0 1 -185 0 0 0 0 
0 790 0 -5 -2 -337 0 0 0 0 
0 790 0 2 0 -176 0 0 0 0 
0 790 0 3 -4 -164 0 0 0 0 
0 790 0 0 3 -184 0 0 0 0 
0 790 0 -6 3 -335 0 0 0 0 
0 790 0 2 -2 -175 0 0 0 0 
0 790 0 -2 2 -313 0 0 0 0 
0 790 0 2 -3 -178 0 0 0 0 
0 790 0 4 2 -168 0 0 0 0 
0 790 0 0 -3 -174 0 0 0 0 
0 790 0 1 4 -179 0 0 0 0 
0 790 0 0 0 -170 0 0 0 0 
0 790 0 0 0 -173 0 0 0 0 
0 790 0 -6 -1 -321 0 0 0 0 
0 790 0 -3 1 -323 0 0 0 0 
0 790 0 -1 1 -308 0 0 0 0 
0 790 0 5 -1 -172 0 0 0 0 
0 790 0 3 -2 -177 0 0 0 0 
0 790 0 -5 2 -335 0 0 0 0 
0 790 0 4 -5 -176 0 0 0 0 
0 790 0 5 2 -159 0 0 0 0 
0 790 0 -7 -5 -336 0 0 0 0 
0 790 0 -5 2 -338 0 0 0 0 
0 790 0 -1 -1 -317 0 0 0 0 
0 790 0 6 4 -162 0 0 0 0 
0 790 0 -2 0 -319 0 0 0 0 
0 790 0 -4 4 -336 0 0 0 0 
0 790 0 7 -1 -172 0 0 0 0 
0 790 0 7 1 -168 0 0 0 0 
0 790 0 -7 -3 -345 0 0 0 0 
0 790 0 -6 1 -342 0 0 0 0 
0 790 0 7 -3 -153 0 0 0 0 
0 790 0 -1 2 -304 0 0 0 0 
0 790 0 0 -4 -183 0 0 0 0 
0 790 0 -3 -2 -324 0 0 0 0 
0 790 0 -2 3 -326 0 0 0 0 
0 790 0 9 -1 -162 0 0 0 0 
0 790 0 -2 3 -315 0 0 0 0 
0 790 0 -8 -5 -351 0 0 0 0 
0 790 0 7 1 -168 0 0 0 0 
0 790 0 0 0 -301 0 0 0 0 
0 790 0 -1 -1 -194 0 0 0 0 
0 790 0 -3 1 -320 0 0 0 0 
0 790 0 -2 0 -328 0 0 0 0 
0 790 0 1 1 -321 0 0 0 0 
0 790 0 -1 0 -326 0 0 0 0 
0 790 0 5 -3 -175 0 0 0 0 
0 790 0 4 1 -173 0 0 0 0 
0 790 0 0 1 -197 0 0 0 0 
0 790 0 0 -3 -191 0 0 0 0 
0 790 0 -5 2 -319 0 0 0 0 
0 790 0 3 -4 -178 0 0 0 0 
0 790 0 4 2 -153 0 0 0 0 
0 790 0 -1 -2 -184 0 0 0 0 
0 790 0 0 3 -185 0 0 0 0 
0 790 0 -6 -4 -322 0 0 0 0 
0 790 0 1 1 -185 0 0 0 0 
0 790 0 -3 3 -314 0 0 0 0 
0 790 0 -4 -5 -335 0 0 0 0 
0 790 0 -1 2 -321 0 0 0 0 
0 790 0 6 -3 -157 0 0 0 0 
0 790 0 -3 1 -327 0 0 0 0 
0 790 0 3 2 -184 0 0 0 0 
0 790 0 -2 -4 -316 0 0 0 0 
0 790 0 2 1 -191 0 0 0 0 
0 790 0 4 -2 -169 0 0 0 0 
0 790 0 -6 3 -321 0 0 0 0 
0 790 0 -5 -3 -338 0 0 0 0 
0 790 0 7 2 -160 0 0 0 0 
0 790 0 -2 -3 -303 0 0 0 0 
0 790 0 -6 2 -346 0 0 0 0 
0 790 0 6 0 -167 0 0 0 0 
0 790 0 7 3 -154 0 0 0 0 
0 790 0 -7 0 -340 0 0 0 0 
0 790 0 1 -1 -200 0 0 0 0 
0 790 0 5 -5 -161 0 0 0 0 
0 790 0 1 2 -182 0 0 0 0 
0 790 0 0 -4 -182 0 0 0 0 
0 790 0 0 1 -167 0 0 0 0 
0 790 0 -6 3 -322 0 0 0 0 
0 790 0 4 0 -176 0 0 0 0 
0 790 0 4 -3 -163 0 0 0 0 
0 790 0 -1 2 -189 0 0 0 0 
0 790 0 -5 -2 -332 0 0 0 0 
0 790 0 -4 2 -318 0 0 0 0 
0 790 0 -2 -1 -318 0 0 0 0 
0 790 0 -1 2 -317 0 0 0 0 
0 790 0 50 -4 620 0 0 0 0 
0 789 0 91 2 347 0 0 0 0 
0 789 0 130 -3 644 0 0 0 0 
0 789 0 173 2 651 0 0 0 0 
0 788 0 207 0 356 0 0 0 0 
0 787 0 247 -4 653 0 0 0 0 
0 787 0 301 2 651 0 0 0 0 
0 786 0 338 -4 347 0 0 0 0 
0 785 0 345 2 343 0 0 0 0 
0 784 0 355 -4 645 0 0 0 0 
0 783 0 376 2 649 0 0 0 0 
0 782 0 404 -3 652 0 0 0 0 
0 781 0 415 3 345 0 0 0 0 
0 780 0 416 -6 352 0 0 0 0 
0 779 0 437 0 650 0 0 0 0 
0 778 0 457 -2 349 0 0 0 0 
0 777 0 483 0 649 0 0 0 0 
0 776 0 488 1 353 0 0 0 0 
0 774 0 485 3 649 0 0 0 0 
0 773 0 499 0 655 0 0 0 0 
0 772 0 530 2 648 0 0 0 0 
0 771 0 548 0 345 0 0 0 0 
0 769 0 545 -1 347 0 0 0 0 
0 768 0 536 2 352 0 0 0 0 
0 767 0 553 -2 647 0 0 0 0 
0 765 0 585 2 657 0 0 0 0 
0 764 0 609 -6 654 0 0 0 0 
0 762 0 625 2 650 0 0 0 0 
0 761 0 618 3 353 0 0 0 0 
0 759 0 606 1 345 0 0 0 0 
0 758 0 623 -1 646 0 0 0 0 
0 756 0 643 -1 344 0 0 0 0 
0 755 0 656 1 650 0 0 0 0 
0 753 0 667 3 656 0 0 0 0 
0 752 0 678 0 652 0 0 0 0 
0 750 0 672 -1 351 0 0 0 0 
0 748 0 676 1 656 0 0 0 0 
0 747 0 701 -2 646 0 0 0 0 
0 745 0 711 -3 354 0 0 0 0 
0 743 0 702 1 353 0 0 0 0 
0 742 0 685 0 348 0 0 0 0 
0 740 0 672 -3 345 0 0 0 0 
0 739 0 656 3 353 0 0 0 0 
0 737 0 656 -2 644 0 0 0 0 
0 735 0 668 3 654 0 0 0 0 
0 734 0 658 -2 357 0 0 0 0 
0 732 0 633 2 352 0 0 0 0 
0 731 0 620 -4 351 0 0 0 0 
0 730 0 612 0 356 0 0 0 0 
0 728 0 631 -1 652 0 0 0 0 
0 727 0 634 3 350 0 0 0 0 
0 725 0 611 -2 346 0 0 0 0 
0 724 0 596 0 645 0 0 0 0 
0 722 0 608 -3 648 0 0 0 0 
0 721 0 635 4 649 0 0 0 0 
0 719 0 641 1 352 0 0 0 0 
0 718 0 626 3 350 0 0 0 0 
0 716 0 607 -2 348 0 0 0 0 
0 715 0 591 2 346 0 0 0 0 
0 714 0 578 -2 350 0 0 0 0 
0 712 0 568 1 353 0 0 0 0 
0 711 0 549 -3 354 0 0 0 0 
0 710 0 554 3 645 0 0 0 0 
0 708 0 574 -2 645 0 0 0 0 
0 707 0 592 4 654 0 0 0 0 
0 705 0 597 0 648 0 0 0 0 
0 704 0 603 0 648 0 0 0 0 
0 702 0 632 3 654 0 0 0 0 
0 701 0 653 1 355 0 0 0 0 
0 699 0 684 0 644 0 0 0 0 
0 698 0 682 0 350 0 0 0 0 
0 696 0 649 0 347 0 0 0 0 
0 695 0 632 0 652 0 0 0 0 
0 693 0 659 -3 653 0 0 0 0 
0 691 0 705 1 646 0 0 0 0 
0 689 0 738 3 646 0 0 0 0 
0 688 0 744 0 652 0 0 0 0 
0 686 0 739 2 649 0 0 0 0 
0 684 0 749 -4 650 0 0 0 0 
0 682 0 787 1 644 0 0 0 0 
0 680 0 837 -1 652 0 0 0 0 
0 678 0 846 1 352 0 0 0 0 
0 676 0 816 -2 352 0 0 0 0 
0 674 0 799 0 646 0 0 0 0 
0 672 0 817 0 656 0 0 0 0 
0 670 0 827 -2 347 0 0 0 0 
0 668 0 812 1 353 0 0 0 0 
0 667 0 786 -1 353 0 0 0 0 
0 665 0 786 2 652 0 0 0 0 
0 663 0 783 -3 345 0 0 0 0 
0 661 0 792 2 647 0 0 0 0 
0 659 0 803 -1 646 0 0 0 0 
0 657 0 790 4 349 0 0 0 0 
0 655 0 769 -3 351 0 0 0 0 
0 654 0 775 0 649 0 0 0 0 
0 652 0 805 -4 637 0 0 0 0 
0 650 0 816 1 356 0 0 0 0 
0 648 0 791 -3 347 0 0 0 0 
0 646 0 783 -1 644 0 0 0 0 
0 644 0 794 0 649 0 0 0 0 
0 642 0 818 -3 651 0 0 0 0 
0 640 0 856 0 648 0 0 0 0 
0 638 0 854 2 345 0 0 0 0 
0 636 0 828 -1 353 0 0 0 0 
0 634 0 805 -4 348 0 0 0 0 
0 632 0 801 2 353 0 0 0 0 
0 630 0 809 -3 350 0 0 0 0 
0 628 0 822 0 645 0 0 0 0 
0 626 0 813 -1 353 0 0 0 0 
0 625 0 776 2 352 0 0 0 0 
0 623 0 758 0 643 0 0 0 0 
0 621 0 762 1 351 0 0 0 0 
0 619 0 788 1 646 0 0 0 0 
0 617 0 822 2 653 0 0 0 0 
0 615 0 822 1 350 0 0 0 0 
0 613 0 813 -2 642 0 0 0 0 
0 611 0 801 3 355 0 0 0 0 
0 610 0 787 -5 350 0 0 0 0 
0 608 0 800 1 646 0 0 0 0 
0 606 0 846 -1 647 0 0 0 0 
0 604 0 860 2 350 0 0 0 0 
0 602 0 853 -2 649 0 0 0 0 
0 600 0 833 2 352 0 0 0 0 
0 598 0 831 0 646 0 0 0 0 
0 596 0 839 5 354 0 0 0 0 
0 593 0 861 0 647 0 0 0 0 
0 591 0 902 0 650 0 0 0 0 
0 589 0 941 1 644 0 0 0 0 
0 587 0 954 -4 652 0 0 0 0 
0 585 0 925 5 356 0 0 0 0 
0 582 0 909 1 652 0 0 0 0 
0 580 0 951 -5 648 0 0 0 0 
0 578 0 1002 3 359 0 0 0 0 
0 575 0 1041 -1 651 0 0 0 0 
0 573 0 1051 4 643 0 0 0 0 
0 570 0 1046 1 652 0 0 0 0 
0 568 0 1037 1 647 0 0 0 0 
0 565 0 1037 0 348 0 0 0 0 
0 563 0 1050 2 347 0 0 0 0 
0 560 0 1081 -3 344 0 0 0 0 
0 557 0 1104 0 647 0 0 0 0 
0 555 0 1095 2 350 0 0 0 0 
0 552 0 1050 3 357 0 0 0 0 
0 550 0 1009 -2 351 0 0 0 0 
0 548 0 1014 0 653 0 0 0 0 
0 545 0 1064 0 652 0 0 0 0 
0 542 0 1086 1 354 0 0 0 0 
0 540 0 1075 0 351 0 0 0 0 
0 538 0 1028 -4 352 0 0 0 0 
0 535 0 1019 3 648 0 0 0 0 
0 533 0 1038 3 652 0 0 0 0 
0 530 0 1086 1 656 0 0 0 0 
0 527 0 1097 0 355 0 0 0 0 
0 525 0 1079 1 345 0 0 0 0 
0 522 0 1075 2 645 0 0 0 0 
0 520 0 1099 0 647 0 0 0 0 
0 517 0 1127 0 641 0 0 0 0 
0 514 0 1148 2 653 0 0 0 0 
0 511 0 1173 4 643 0 0 0 0 
0 509 0 1180 0 356 0 0 0 0 
0 506 0 1182 0 650 0 0 0 0 
0 503 0 1174 -2 350 0 0 0 0 
0 500 0 1192 2 643 0 0 0 0 
0 497 0 1200 -5 655 0 0 0 0 
0 494 0 1192 3 351 0 0 0 0 
0 492 0 1198 0 646 0 0 0 0 
0 489 0 1196 -1 364 0 0 0 0 
0 486 0 1182 -1 634 0 0 0 0 
0 483 0 1180 2 655 0 0 0 0 
0 480 0 1179 -1 356 0 0 0 0 
0 478 0 1159 0 349 0 0 0 0 
0 475 0 1142 0 352 0 0 0 0 
0 472 0 1113 2 354 0 0 0 0 
0 470 0 1105 -1 636 0 0 0 0 
0 467 0 1100 1 659 0 0 0 0 
0 465 0 1085 2 356 0 0 0 0 
0 462 0 1061 -1 345 0 0 0 0 
0 460 0 1058 1 649 0 0 0 0 
0 457 0 1051 -1 353 0 0 0 0 
0 455 0 1029 2 354 0 0 0 0 
0 452 0 1002 -3 349 0 0 0 0 
0 450 0 1006 0 653 0 0 0 0 
0 447 0 1022 -3 641 0 0 0 0 
0 445 0 1040 1 644 0 0 0 0 
0 443 0 1018 2 356 0 0 0 0 
0 440 0 996 -1 653 0 0 0 0 
0 438 0 1004 -2 643 0 0 0 0 
0 435 0 1024 2 355 0 0 0 0 
0 433 0 1050 1 641 0 0 0 0 
0 430 0 1044 1 353 0 0 0 0 
0 428 0 1019 2 650 0 0 0 0 
0 426 0 996 -6 351 0 0 0 0 
0 423 0 980 3 350 0 0 0 0 
0 421 0 993 0 648 0 0 0 0 
0 419 0 1008 2 356 0 0 0 0 
0 416 0 1013 2 650 0 0 0 0 
0 414 0 1011 1 640 0 0 0 0 
0 411 0 996 -3 649 0 0 0 0 
0 409 0 1001 2 655 0 0 0 0 
0 407 0 1029 -1 648 0 0 0 0 
0 404 0 1039 -2 358 0 0 0 0 
0 402 0 1021 1 349 0 0 0 0 
0 399 0 1030 -1 649 0 0 0 0 
0 397 0 1034 -4 357 0 0 0 0 
0 394 0 1011 1 349 0 0 0 0 
0 392 0 996 0 649 0 0 0 0 
0 390 0 987 1 353 0 0 0 0 
0 387 0 975 -1 349 0 0 0 0 
0 385 0 966 1 349 0 0 0 0 
0 383 0 972 0 642 0 0 0 0 
0 380 0 976 1 358 0 0 0 0 
0 378 0 976 1 647 0 0 0 0 
0 376 0 975 -3 647 0 0 0 0 
0 374 0 981 3 651 0 0 0 0 
0 371 0 987 1 356 0 0 0 0 
0 369 0 989 -1 348 0 0 0 0 
0 366 0 1003 0 646 0 0 0 0 
0 364 0 1026 1 657 0 0 0 0 
0 362 0 1017 1 358 0 0 0 0 
0 359 0 1016 -1 643 0 0 0 0 
0 357 0 1005 -4 355 0 0 0 0 
0 354 0 984 1 354 0 0 0 0 
0 352 0 970 0 352 0 0 0 0 
0 350 0 963 3 346 0 0 0 0 
0 348 0 976 0 652 0 0 0 0 
0 345 0 976 1 357 0 0 0 0 
0 343 0 959 -2 635 0 0 0 0 
0 341 0 932 3 361 0 0 0 0 
0 339 0 911 -1 350 0 0 0 0 
0 337 0 902 0 350 0 0 0 0 
0 334 0 925 -3 642 0 0 0 0 
0 332 0 961 2 659 0 0 0 0 
0 330 0 959 -2 352 0 0 0 0 
0 327 0 942 2 641 0 0 0 0 
0 325 0 908 -1 358 0 0 0 0 
0 323 0 878 -1 351 0 0 0 0 
0 321 0 912 1 647 0 0 0 0 
0 319 0 956 -1 359 0 0 0 0 
0 317 0 954 3 352 0 0 0 0 
0 314 0 897 0 344 0 0 0 0 
0 313 0 837 1 354 0 0 0 0 
0 311 0 820 -2 342 0 0 0 0 
0 309 0 825 0 350 0 0 0 0 
0 307 0 854 1 648 0 0 0 0 
0 305 0 866 1 357 0 0 0 0 
0 303 0 835 1 347 0 0 0 0 
0 301 0 785 -1 310 0 0 0 0 
0 299 0 746 1 331 0 0 0 0 
0 297 0 734 0 350 0 0 0 0 
0 295 0 766 1 639 0 0 0 0 
0 293 0 805 -4 655 0 0 0 0 
0 292 0 825 3 611 0 0 0 0 
0 290 0 774 -2 171 0 0 0 0 
0 288 0 710 2 386 0 0 0 0 
0 287 0 678 -1 167 0 0 0 0 
0 285 0 680 4 272 0 0 0 0 
0 283 0 702 -2 330 0 0 0 0 
0 282 0 702 0 273 0 0 0 0 
0 280 0 650 2 166 0 0 0 0 
0 279 0 570 -2 145 0 0 0 0 
0 278 0 497 1 223 0 0 0 0 
0 277 0 478 -6 353 0 0 0 0 
0 275 0 524 1 643 0 0 0 0 
0 274 0 557 -3 350 0 0 0 0 
0 273 0 566 3 651 0 0 0 0 
0 271 0 516 -3 308 0 0 0 0 
0 270 0 473 1 562 0 0 0 0 
0 269 0 458 -1 332 0 0 0 0 
0 268 0 483 0 346 0 0 0 0 
0 267 0 547 -1 653 0 0 0 0 
0 265 0 593 -2 642 0 0 0 0 
0 264 0 580 1 459 0 0 0 0 
0 263 0 491 1 0 0 0 0 0 
0 262 0 414 -2 294 0 0 0 0 
0 261 0 406 -1 198 0 0 0 0 
0 260 0 475 0 649 0 0 0 0 
0 258 0 540 0 352 0 0 0 0 
0 257 0 535 -2 458 0 0 0 0 
0 256 0 438 3 -29 0 0 0 0 
0 256 0 322 2 216 0 0 0 0 
0 255 0 277 0 160 0 0 0 0 
0 254 0 326 -1 340 0 0 0 0 
0 253 0 391 -2 351 0 0 0 0 
0 252 0 427 1 650 0 0 0 0 
0 251 0 377 0 201 0 0 0 0 
0 251 0 261 -2 78 0 0 0 0 
0 251 0 176 1 171 0 0 0 0 
0 250 0 189 -1 352 0 0 0 0 
0 249 0 294 5 652 0 0 0 0 
0 248 0 396 -1 655 0 0 0 0 
0 247 0 404 2 340 0 0 0 0 
0 247 0 318 0 365 0 0 0 0 
0 246 0 213 3 308 0 0 0 0 
0 246 0 195 -3 527 0 0 0 0 
0 245 0 274 0 356 0 0 0 0 
0 244 0 390 -1 648 0 0 0 0 
0 243 0 457 0 589 0 0 0 0 
0 242 0 412 -4 282 0 0 0 0 
0 241 0 264 2 -180 0 0 0 0 
0 241 0 145 -3 149 0 0 0 0 
0 241 0 148 -1 221 0 0 0 0 
0 240 0 257 -1 647 0 0 0 0 
0 239 0 406 0 654 0 0 0 0 
0 238 0 421 3 508 0 0 0 0 
0 237 0 301 0 107 0 0 0 0 
0 237 0 140 2 40 0 0 0 0 
0 237 0 93 -1 318 0 0 0 0 
0 236 0 172 0 344 0 0 0 0 
0 235 0 331 1 355 0 0 0 0 
0 234 0 391 -2 324 0 0 0 0 
0 234 0 300 1 192 0 0 0 0 
0 234 0 124 1 5 0 0 0 0 
0 234 0 8 1 -10 0 0 0 0 
0 234 0 56 -1 623 0 0 0 0 
0 233 0 225 4 642 0 0 0 0 
0 232 0 341 -1 357 0 0 0 0 
0 231 0 314 4 119 0 0 0 0 
0 231 0 156 -1 -172 0 0 0 0 
0 231 0 20 0 115 0 0 0 0 
0 231 0 22 0 225 0 0 0 0 
0 231 0 120 3 340 0 0 0 0 
0 230 0 244 1 647 0 0 0 0 
0 229 0 316 -3 620 0 0 0 0 
0 229 0 244 2 6 0 0 0 0 
0 229 0 74 3 -205 0 0 0 0 
0 229 0 -2 0 228 0 0 0 0 
0 229 0 71 -1 348 0 0 0 0 
0 228 0 217 1 651 0 0 0 0 
0 227 0 322 -1 350 0 0 0 0 
0 226 0 276 1 -3 0 0 0 0 
0 226 0 124 -1 26 0 0 0 0 
0 226 0 -3 1 -168 0 0 0 0 
0 226 0 9 -4 165 0 0 0 0 
0 226 0 142 -2 647 0 0 0 0 
0 225 0 266 2 351 0 0 0 0 
0 224 0 286 0 448 0 0 0 0 
0 224 0 166 -2 -162 0 0 0 0 
0 224 0 -7 2 -264 0 0 0 0 
0 225 0 -64 -2 -3 0 0 0 0 
0 224 0 29 0 337 0 0 0 0 
0 224 0 175 1 649 0 0 0 0 
0 223 0 264 -1 652 0 0 0 0 
0 223 0 216 2 316 0 0 0 0 
0 223 0 69 -2 62 0 0 0 0 
0 223 0 -39 4 -86 0 0 0 0 
0 223 0 12 -2 520 0 0 0 0 
0 222 0 155 -2 651 0 0 0 0 
0 221 0 320 0 648 0 0 0 0 
0 220 0 331 -1 305 0 0 0 0 
0 220 0 170 -1 -397 0 0 0 0 
0 220 0 -8 1 -166 0 0 0 0 
0 221 0 -40 -4 -79 0 0 0 0 
0 220 0 72 1 320 0 0 0 0 
0 220 0 208 -2 354 0 0 0 0 
0 219 0 264 0 472 0 0 0 0 
0 219 0 161 -2 -125 0 0 0 0 
0 219 0 -7 1 -35 0 0 0 0 
0 219 0 -90 0 -82 0 0 0 0 
0 219 0 -6 -1 614 0 0 0 0 
0 219 0 166 1 645 0 0 0 0 
0 218 0 281 5 337 0 0 0 0 
0 217 0 240 -1 -69 0 0 0 0 
0 217 0 80 2 -97 0 0 0 0 
0 217 0 -53 0 -320 0 0 0 0 
0 218 0 -56 -4 45 0 0 0 0 
0 217 0 84 2 647 0 0 0 0 
0 217 0 241 -2 649 0 0 0 0 
0 216 0 256 2 74 0 0 0 0 
0 216 0 117 -2 6 0 0 0 0 
0 216 0 -33 2 -90 0 0 0 0 
0 216 0 -59 -5 229 0 0 0 0 
0 216 0 63 0 621 0 0 0 0 
0 215 0 222 -3 652 0 0 0 0 
0 214 0 273 2 99 0 0 0 0 
0 214 0 170 0 4 0 0 0 0 
0 214 0 5 0 -185 0 0 0 0 
0 215 0 -67 1 48 0 0 0 0 
0 215 0 -10 -2 173 0 0 0 0 
0 214 0 99 2 350 0 0 0 0 
0 214 0 162 -2 248 0 0 0 0 
0 214 0 111 1 1 0 0 0 0 
0 214 0 -12 0 64 0 0 0 0 
0 214 0 -101 -4 -53 0 0 0 0 
0 214 0 -71 2 504 0 0 0 0 
0 214 0 55 1 644 0 0 0 0 
0 213 0 152 1 347 0 0 0 0 
0 213 0 163 0 365 0 0 0 0 
0 213 0 84 2 89 0 0 0 0 
0 213 0 -28 0 -206 0 0 0 0 
0 213 0 -68 0 -41 0 0 0 0 
0 213 0 14 1 523 0 0 0 0 
0 213 0 135 2 641 0 0 0 0 
0 212 0 187 0 445 0 0 0 0 
0 212 0 103 -2 -135 0 0 0 0 
0 212 0 -42 0 -309 0 0 0 0 
0 213 0 -96 -2 166 0 0 0 0 
0 213 0 -21 1 251 0 0 0 0 
0 212 0 105 -5 646 0 0 0 0 
0 212 0 161 -1 231 0 0 0 0 
0 212 0 101 1 183 0 0 0 0 
0 212 0 -8 -2 60 0 0 0 0 
0 212 0 -48 3 196 0 0 0 0 
0 212 0 -3 -3 166 0 0 0 0 
0 212 0 67 2 265 0 0 0 0 
0 211 0 108 0 158 0 0 0 0 
0 211 0 98 -1 286 0 0 0 0 
0 211 0 33 0 162 0 0 0 0 
0 211 0 -23 -4 175 0 0 0 0 
0 211 0 -10 1 347 0 0 0 0 
0 211 0 30 0 186 0 0 0 0 
0 211 0 57 5 157 0 0 0 0 
0 211 0 74 -2 342 0 0 0 0 
0 211 0 49 2 8 0 0 0 0 
0 211 0 -1 -3 223 0 0 0 0 
0 211 0 -8 1 304 0 0 0 0 
0 211 0 26 2 422 0 0 0 0 
0 211 0 47 1 139 0 0 0 0 
0 210 0 56 0 355 0 0 0 0 
0 210 0 61 0 309 0 0 0 0 
0 210 0 26 2 -11 0 0 0 0 
0 210 0 -15 -3 -49 0 0 0 0 
0 210 0 -18 2 1 0 0 0 0 
0 210 0 9 2 133 0 0 0 0 
0 210 0 17 1 138 0 0 0 0 
0 210 0 12 -1 369 0 0 0 0 
0 210 0 5 1 360 0 0 0 0 
0 210 0 -10 1 79 0 0 0 0 
0 210 0 -9 -1 73 0 0 0 0 
0 210 0 7 -4 122 0 0 0 0 
0 210 0 8 4 135 0 0 0 0 
0 210 0 12 0 380 0 0 0 0 
0 210 0 -1 0 93 0 0 0 0 
0 210 0 -14 0 65 0 0 0 0 
0 210 0 9 -1 398 0 0 0 0 
0 210 0 34 -3 435 0 0 0 0 
0 210 0 43 3 370 0 0 0 0 
0 210 0 21 1 11 0 0 0 0 
0 210 0 -4 -2 4 0 0 0 0 
0 210 0 1 2 39 0 0 0 0 
0 210 0 8 -3 116 0 0 0 0 
0 210 0 -2 1 89 0 0 0 0 
0 210 0 -10 1 81 0 0 0 0 
0 210 0 -10 -2 101 0 0 0 0 
0 210 0 11 0 422 0 0 0 0 
0 210 0 32 2 422 0 0 0 0 
0 210 0 38 0 372 0 0 0 0 
0 210 0 37 1 313 0 0 0 0 
0 210 0 34 -2 302 0 0 0 0 
0 210 0 37 0 305 0 0 0 0 
0 209 0 21 4 9 0 0 0 0 
0 209 0 11 -3 292 0 0 0 0 
0 209 0 -7 2 10 0 0 0 0 
0 210 0 -22 0 57 0 0 0 0 
0 210 0 2 1 386 0 0 0 0 
0 209 0 33 -1 453 0 0 0 0 
0 209 0 42 2 398 0 0 0 0 
0 209 0 32 0 290 0 0 0 0 
0 209 0 21 0 266 0 0 0 0 
0 209 0 26 0 297 0 0 0 0 
0 209 0 43 0 316 0 0 0 0 
0 209 0 56 0 314 0 0 0 0 
0 209 0 49 2 261 0 0 0 0 
0 209 0 11 -3 -37 0 0 0 0 
0 209 0 -17 0 -46 0 0 0 0 
0 209 0 5 0 312 0 0 0 0 
0 209 0 44 1 413 0 0 0 0 
0 209 0 45 1 70 0 0 0 0 
0 209 0 9 -2 2 0 0 0 0 
0 209 0 -15 1 -42 0 0 0 0 
0 209 0 6 -3 318 0 0 0 0 
0 209 0 19 2 102 0 0 0 0 
0 208 0 17 0 355 0 0 0 0 
0 208 0 15 0 325 0 0 0 0 
0 209 0 -5 2 8 0 0 0 0 
0 209 0 -17 -3 4 0 0 0 0 
0 208 0 13 2 386 0 0 0 0 
0 208 0 41 0 414 0 0 0 0 
0 208 0 27 -1 10 0 0 0 0 
0 208 0 -7 2 -36 0 0 0 0 
0 208 0 1 -2 255 0 0 0 0 
0 208 0 29 -2 367 0 0 0 0 
0 208 0 41 -2 351 0 0 0 0 
0 208 0 35 1 278 0 0 0 0 
0 208 0 4 -1 -25 0 0 0 0 
0 208 0 -13 0 -31 0 0 0 0 
0 208 0 -1 -4 1 0 0 0 0 
0 208 0 6 1 90 0 0 0 0 
0 208 0 -4 1 61 0 0 0 0 
0 208 0 6 2 330 0 0 0 0 
0 208 0 2 -1 54 0 0 0 0 
0 208 0 -12 -2 35 0 0 0 0 
0 208 0 10 1 347 0 0 0 0 
0 208 0 18 -2 86 0 0 0 0 
0 208 0 14 3 322 0 0 0 0 
0 208 0 18 -4 300 0 0 0 0 
0 208 0 4 1 8 0 0 0 0 
0 208 0 4 0 310 0 0 0 0 
0 208 0 -4 0 38 0 0 0 0 
0 208 0 -19 1 43 0 0 0 0 
0 208 0 5 2 351 0 0 0 0 
0 208 0 35 -2 395 0 0 0 0 
0 208 0 27 2 41 0 0 0 0 
0 208 0 9 -1 266 0 0 0 0 
0 208 0 -3 0 7 0 0 0 0 
0 208 0 7 -3 307 0 0 0 0 
0 208 0 8 1 56 0 0 0 0 
0 208 0 8 -2 327 0 0 0 0 
0 208 0 12 2 331 0 0 0 0 
0 208 0 7 6 336 0 0 0 0 
0 208 0 2 0 313 0 0 0 0 
0 208 0 -10 0 10 0 0 0 0 
0 208 0 7 -1 344 0 0 0 0 
0 208 0 34 2 379 0 0 0 0 
0 208 0 27 -2 29 0 0 0 0 
0 208 0 8 2 266 0 0 0 0 
0 208 0 7 2 280 0 0 0 0 
0 208 0 10 -2 330 0 0 0 0 
0 207 0 18 2 328 0 0 0 0 
0 207 0 9 -2 18 0 0 0 0 
0 208 0 -9 5 4 0 0 0 0 
0 208 0 -14 -2 3 0 0 0 0 
0 208 0 10 2 345 0 0 0 0 
0 207 0 11 0 85 0 0 0 0 
0 208 0 -11 1 30 0 0 0 0 
0 208 0 -14 -4 4 0 0 0 0 
0 208 0 14 2 364 0 0 0 0 
0 207 0 37 0 381 0 0 0 0 
0 207 0 25 4 11 0 0 0 0 
0 207 0 -4 1 -54 0 0 0 0 
0 207 0 -11 -1 -31 0 0 0 0 
0 207 0 12 0 304 0 0 0 0 
0 207 0 32 2 336 0 0 0 0 
0 207 0 32 -2 303 0 0 0 0 
0 207 0 5 4 -29 0 0 0 0 
0 207 0 -18 0 -49 0 0 0 0 
0 207 0 9 0 276 0 0 0 0 
0 207 0 39 0 374 0 0 0 0 
0 207 0 42 2 309 0 0 0 0 
0 207 0 22 -3 222 0 0 0 0 
0 207 0 5 0 219 0 0 0 0 
0 207 0 -6 -2 5 0 0 0 0 
0 207 0 5 3 294 0 0 0 0 
0 207 0 5 0 38 0 0 0 0 
0 207 0 3 1 297 0 0 0 0 
0 207 0 7 -1 313 0 0 0 0 
0 207 0 -12 -1 8 0 0 0 0 
0 207 0 -9 1 311 0 0 0 0 
0 207 0 -3 -1 49 0 0 0 0 
0 207 0 7 1 354 0 0 0 0 
0 207 0 22 -1 336 0 0 0 0 
0 207 0 9 4 9 0 0 0 0 
0 207 0 -12 1 -12 0 0 0 0 
0 207 0 -15 0 1 0 0 0 0 
0 207 0 -8 0 49 0 0 0 0 
0 207 0 12 -2 353 0 0 0 0 
0 207 0 22 2 345 0 0 0 0 
0 207 0 1 -3 9 0 0 0 0 
0 207 0 -18 2 -19 0 0 0 0 
0 207 0 2 -2 303 0 0 0 0 
0 207 0 10 1 67 0 0 0 0 
0 207 0 -7 1 20 0 0 0 0 
0 207 0 -10 0 3 0 0 0 0 
0 207 0 10 0 330 0 0 0 0 
0 207 0 17 2 357 0 0 0 0 
0 207 0 4 0 303 0 0 0 0 
0 207 0 -12 1 7 0 0 0 0 
0 207 0 4 -1 295 0 0 0 0 
0 207 0 32 0 356 0 0 0 0 
0 207 0 20 0 8 0 0 0 0 
0 207 0 -1 1 250 0 0 0 0 
0 207 0 -12 0 6 0 0 0 0 
0 207 0 -2 0 302 0 0 0 0 
0 207 0 2 1 60 0 0 0 0 
0 207 0 -7 -3 32 0 0 0 0 
0 207 0 10 0 321 0 0 0 0 
0 207 0 1 3 46 0 0 0 0 
0 207 0 -2 1 290 0 0 0 0 
0 207 0 12 -1 328 0 0 0 0 
0 207 0 15 2 327 0 0 0 0 
0 207 0 10 0 293 0 0 0 0 
0 207 0 2 0 291 0 0 0 0 
0 207 0 -13 1 7 0 0 0 0 
0 207 0 -19 0 3 0 0 0 0 
0 207 0 8 0 364 0 0 0 0 
0 207 0 6 -3 78 0 0 0 0 
0 207 0 -22 -2 5 0 0 0 0 
0 207 0 -11 2 301 0 0 0 0 
0 207 0 2 0 89 0 0 0 0 
0 207 0 -5 1 42 0 0 0 0 
0 207 0 -1 1 20 0 0 0 0 
0 207 0 14 1 341 0 0 0 0 
0 207 0 3 -4 9 0 0 0 0 
0 207 0 -2 2 284 0 0 0 0 
0 207 0 12 0 316 0 0 0 0 
0 207 0 12 1 330 0 0 0 0 
0 207 0 -5 -1 10 0 0 0 0 
0 207 0 -15 0 2 0 0 0 0 
0 207 0 7 -3 319 0 0 0 0 
0 207 0 20 1 354 0 0 0 0 
0 207 0 -5 -2 9 0 0 0 0 
0 207 0 -11 0 269 0 0 0 0 
0 207 0 -6 -2 38 0 0 0 0 
0 207 0 -6 2 40 0 0 0 0 
0 207 0 -1 3 29 0 0 0 0 
0 207 0 -2 0 45 0 0 0 0 
0 207 0 13 1 332 0 0 0 0 
0 207 0 1 0 22 0 0 0 0 
0 207 0 -1 -2 282 0 0 0 0 
0 207 0 -4 1 8 0 0 0 0 
0 207 0 -11 -1 44 0 0 0 0 
0 207 0 -2 1 32 0 0 0 0 
0 207 0 14 -2 343 0 0 0 0 
0 207 0 20 1 334 0 0 0 0 
0 207 0 -7 -1 8 0 0 0 0 
0 207 0 -10 2 261 0 0 0 0 
0 207 0 -2 -2 38 0 0 0 0 
0 207 0 -6 1 55 0 0 0 0 
0 207 0 14 -5 314 0 0 0 0 
0 207 0 5 -1 43 0 0 0 0 
0 207 0 -20 1 5 0 0 0 0 
0 207 0 -22 -2 4 0 0 0 0 
0 207 0 -7 2 57 0 0 0 0 
0 207 0 1 -4 80 0 0 0 0 
0 207 0 -2 1 54 0 0 0 0 
0 207 0 13 -4 317 0 0 0 0 
0 207 0 5 2 32 0 0 0 0 
0 207 0 -14 0 4 0 0 0 0 
0 207 0 -6 0 3 0 0 0 0 
0 207 0 3 -3 52 0 0 0 0 
0 207 0 -1 2 44 0 0 0 0 
0 207 0 9 -3 314 0 0 0 0 
0 207 0 15 1 328 0 0 0 0 
0 207 0 8 -1 299 0 0 0 0 
0 207 0 -9 3 9 0 0 0 0 
0 207 0 2 1 285 0 0 0 0 
0 207 0 6 -2 43 0 0 0 0 
0 207 0 -9 2 17 0 0 0 0 
0 207 0 -10 -2 11 0 0 0 0 
0 207 0 -6 2 55 0 0 0 0 
0 207 0 -4 0 59 0 0 0 0 
0 207 0 -2 1 41 0 0 0 0 
0 207 0 0 1 37 0 0 0 0 
0 207 0 1 -1 25 0 0 0 0 
0 207 0 16 0 315 0 0 0 0 
0 207 0 10 -2 8 0 0 0 0 
0 207 0 4 1 288 0 0 0 0 
0 207 0 -5 -3 8 0 0 0 0 
0 207 0 0 2 295 0 0 0 0 
0 207 0 -3 0 53 0 0 0 0 
0 207 0 -12 5 17 0 0 0 0 
0 207 0 10 -1 330 0 0 0 0 
0 207 0 24 0 360 0 0 0 0 
0 207 0 15 2 295 0 0 0 0 
0 207 0 -9 -3 7 0 0 0 0 
0 207 0 -4 -4 250 0 0 0 0 
0 207 0 1 3 58 0 0 0 0 
0 207 0 5 -2 332 0 0 0 0 
0 207 0 -6 -1 8 0 0 0 0 
0 207 0 -3 0 309 0 0 0 0 
0 207 0 -5 1 45 0 0 0 0 
0 207 0 4 -2 326 0 0 0 0 
0 207 0 1 2 40 0 0 0 0 
0 207 0 -9 -2 21 0 0 0 0 
0 207 0 -3 0 13 0 0 0 0 
0 207 0 13 -1 342 0 0 0 0 
0 207 0 1 5 9 0 0 0 0 
0 207 0 -21 -3 3 0 0 0 0 
0 207 0 -18 2 20 0 0 0 0 
0 207 0 -3 1 86 0 0 0 0 
0 207 0 17 1 370 0 0 0 0 
0 207 0 25 -3 330 0 0 0 0 
0 207 0 1 1 8 0 0 0 0 
0 207 0 -5 -1 250 0 0 0 0 
0 207 0 15 -1 325 0 0 0 0 
0 207 0 21 1 338 0 0 0 0 
0 207 0 1 -2 9 0 0 0 0 
